708207
355348
703152
897786
817169
734648
796425
387377
829423
989711
826096
478217
729651
287297
414495
845505
465413
633463
494484
692204
610933
57830
590347
236943
848033
586316
421873
882270
418399
478629
734691
904046
467140
51887
361984
489574
714567
78882
865055
468927
326450
898640
638597
595458
14978
617185
658099
126380
523698
854765
168345
977908
661447
823369
45743
143897
704817
613857
267291
333736
3347
886564
386738
674383
981121
537066
619234
416681
404211
240996
779627
513763
571171
247989
591755
134766
775028
783847
749055
109422
106395
679297
575214
790699
290540
18418
687082
315018
498984
178808
229797
21617
766097
175826
555099
172661
123470
57246
141091
238814
476894
728072
861879
526816
831480
204186
801124
792696
404061
763917
29214
984651
939673
405579
563639
636568
651994
747871
217637
308375
544260
386327
498011
794688
167879
23204
71587
791786
341150
47095
120962
992399
851099
104646
642663
664367
40306
299852
82944
134733
967197
354201
386485
129637
409922
259582
832689
803239
11457
516074
765491
689144
52521
549566
409465
418056
566382
219089
26227
74105
61494
654725
678709
295769
137573
959636
328524
895536
484140
138058
439658
109698
270689
283933
976336
399201
434946
886472
958187
234098
658323
574189
345880
798581
955155
113431
431790
129055
287700
842128
476300
157924
147802
229151
702822
126553
401905
224810
863220
120420
50969
74792
812869
212172
674978
273898
347150
342995
947916
655822
22986
834641
467817
241727
266497
845442
530487
502247
173043
32616
602057
575234
290040
833395
592114
738293
362687
343265
944277
512832
690647
665638
384354
883411
995717
819024
257099
640262
96203
117472
956038
573511
264667
56682
274328
236792
802064
331410
158502
290644
230117
396815
146212
148271
527327
729846
596495
335818
711560
75800
689329
185759
57708
842685
642417
67364
630183
768211
885893
532004
84700
696168
333900
664132
880435
133285
917190
323474
476674
769360
148491
596456
6163
186633
779998
511508
592543
68361
433098
327969
594193
194121
113309
829364
750273
952068
312667
3210
647415
178721
35038
429069
220898
173506
917350
121093
742657
889630
197331
762068
136454
950614
499994
544896
131991
406216
146076
886276
121088
414048
260292
85451
991553
350068
933353
210101
819265
657582
713445
668318
121709
790243
422957
977619
245676
967862
423093
823950
369070
697805
787837
968676
885763
915427
656164
10610
163918
375496
862287
224112
46214
375970
188162
596716
879679
412406
113441
321166
477148
123474
313309
151317
942411
184385
947379
749888
538044
187101
731703
824968
233325
375720
495262
291808
943017
808253
249814
497319
23096
352367
122413
515711
42108
475373
707359
637923
840466
892884
162924
411335
895236
767419
748665
59532
347239
347948
995375
398568
766888
713958
847875
579561
820314
222574
606676
844373
43201
460852
610646
763867
923623
356325
329614
474480
696634
587683
335591
591274
91857
556111
921296
432061
909814
918469
227704
935668
386597
532798
831265
695719
109634
122974
322856
663515
853133
118582
251000
153898
926133
528213
239676
318264
137451
177585
102333
646110
719414
849005
220552
921509
212908
49962
835901
515286
640289
871865
548162
612356
976622
281745
906020
26660
653542
111267
109792
542774
732507
57258
834210
508699
78114
840268
771796
938819
777188
177961
266051
403586
96467
698419
117572
297557
114812
345510
775753
532054
400685
549255
102248
653871
432576
69585
34889
262220
404853
29484
637117
109326
634770
47530
412887
162548
261885
113296
150067
295126
303606
695876
469960
238781
712333
574685
206763
796435
642964
805902
351460
107887
478546
523205
838749
114958
281421
807860
557014
482740
639029
913517
733735
355677
907714
517094
891698
171016
633828
825928
61901
763676
399102
959731
647374
778485
710100
686148
658837
753300
284158
69610
812436
740142
252603
935953
33775
916524
865548
232806
213127
48677
875135
716273
626633
696146
902159
813292
530788
835800
872338
266638
935955
109055
174766
977359
650990
573249
614531
366183
517383
48413
370799
218516
881166
36871
315758
825442
717850
588999
560538
449608
63271
412034
116484
345987
197892
934850
814414
323330
507651
369235
682210
512518
40310
3259
512417
980631
393742
276035
267217
339141
739837
206892
5200
188216
419492
182598
361235
187673
981650
53056
931146
419401
457127
462205
866302
363856
424752
598543
713558
127528
545977
716239
114408
627917
376188
76825
689326
615639
64442
660175
467675
339575
174326
367265
763690
607457
874066
902787
580031
261027
210329
656347
462908
827213
446389
817126
923051
517171
768397
361310
417192
447778
852639
561922
924354
423230
57619
883352
40072
479327
459039
747818
184044
543117
890069
483529
299666
155587
929157
922619
656414
642187
285201
356687
803539
738729
763796
615547
532165
664121
676393
200454
198838
633101
746822
43377
479786
178937
669799
962108
974293
639149
7460
975953
436633
181673
47996
113752
243131
921175
190706
116189
299555
367428
257643
524379
586162
139281
523541
512354
384621
200975
384892
668912
41870
390223
32631
221458
365943
478395
625935
98689
876269
461975
628615
443918
471811
123540
412531
525422
523699
373993
152802
651156
675263
437869
346614
137754
693944
46598
37436
173221
820406
572036
291580
742237
455434
567693
473482
355472
701494
552815
852884
90657
45419
335038
352963
366212
597445
713368
788430
809143
309914
78363
427174
380330
661981
701530
439029
722038
714775
853154
546885
649681
890173
787697
354606
809308
934998
295689
668786
986833
346686
413207
945156
482957
588866
360211
964222
424371
343550
533815
344172
507987
481117
869758
539542
502113
539580
714556
987535
150170
428644
182821
891821
512224
489909
688550
232117
943145
744866
72026
438218
349269
361589
688430
30736
877463
259254
768622
233544
325706
977526
393465
498551
99576
189010
857977
164034
503189
749561
744711
313035
418262
729840
676721
795164
127149
404848
775898
204875
430542
770182
581415
125146
423754
931408
956653
904548
13878
500502
623123
850192
782561
155060
988553
334701
92359
197344
838023
752682
875330
341420
453784
228860
221291
692654
253797
637079
804115
834646
295514
453244
216238
883212
643594
492784
979512
140471
754793
531060
362898
133415
744133
132266
685843
70716
958473
518195
440638
487231
509468
205426
98447
505448
239299
294518
392182
895850
738581
210801
120886
192064
981164
701305
166318
738454
664966
687103
901955
189537
407623
844984
621172
490505
189298
647755
789183
394241
24015
117087
330556
67511
315014
401851
115406
80028
434210
478965
613220
714075
327855
324085
771573
574890
193478
675159
949021
636562
41649
861298
313356
122497
399924
508859
812737
916901
984278
829603
333364
237790
726309
10731
495334
238996
218786
961833
567509
839500
629314
366470
173881
247515
936623
685837
247161
392256
241157
513882
211362
1920
794628
421419
278478
807193
480769
846164
794336
272926
526406
544112
785188
156234
129181
790137
254257
561724
95785
510061
364718
429977
994322
765203
655465
690704
964992
429759
761946
1594
62925
535740
891787
251775
8038
657966
314341
623844
805495
914571
685517
185774
638827
19286
557783
421621
802731
10672
56252
265715
464770
382673
922723
147149
995632
429861
893676
473237
680862
268089
69257
41115
455431
476106
235174
473794
423854
279092
815546
189235
888631
18174
495252
921858
21858
432253
160900
909763
365089
375437
231675
891644
993513
291673
37860
875436
240911
954199
862261
603610
957299
628234
40559
431649
116924
571368
361168
315258
212973
238183
387999
826018
779504
346666
785784
38110
9804
966499
297829
733482
177432
404816
741736
78495
669337
383368
319066
831697
236700
788134
128733
408501
377930
524416
355021
661166
970386
22342
469298
654488
785194
575000
898465
654930
258674
555076
24178
178599
515776
131419
15764
862316
779819
203160
293303
50174
979361
779259
132715
710576
542032
478949
222538
561631
99279
704300
849471
227476
595807
641620
129264
573082
337628
50597
779399
347575
729428
517798
304347
73138
711093
781592
802071
796538
935687
141147
853863
416104
747803
581475
782696
433764
40770
908463
117500
954031
495831
334302
346360
877772
61677
755489
916248
143424
364458
451555
79345
462957
652711
413802
626515
222702
10836
517535
813457
499797
942757
662819
14761
363797
329231
527598
583579
812374
833243
530207
723852
496797
237597
851875
164756
697745
335468
743250
544367
32201
661613
799289
578139
484251
166061
278899
870098
20162
321223
40011
421819
572198
12434
570270
269464
376609
920001
874036
899144
84205
878775
525875
641680
370633
977812
959620
680135
860701
756496
140151
330949
699497
61456
904252
459109
192035
381211
407330
90161
580232
837551
297565
208630
131628
288124
938773
209483
107182
923704
469444
869728
235455
147305
904089
80792
282222
536881
287834
685865
59696
608201
411589
223960
392112
885626
372825
491711
778460
427749
635465
807622
64055
511459
200629
507937
113941
753110
42206
952593
470930
600883
858142
531038
323502
120838
659871
783213
289361
403155
312856
821863
913541
407689
895100
751735
794835
688596
663363
865961
663552
361309
116531
982168
572871
537646
230108
241274
106805
745475
471019
159450
95708
100942
669972
402971
497812
813994
233889
551273
310070
843334
360572
327693
454591
735754
522290
836416
321648
480114
466176
515715
926710
700754
767985
675331
738335
874145
728813
889622
367535
993234
432538
660140
929593
766273
906859
17021
834013
574114
985960
509190
27875
890961
508639
524345
337490
531092
543031
671099
85736
362880
999684
653092
626136
337344
679341
180721
662368
299254
341127
501763
353513
20556
905989
938569
121646
987209
321640
812372
520621
399225
492439
170375
763831
74339
115821
36473
492514
708680
851187
678223
983827
581774
465873
623201
363735
790740
683814
154372
659314
164690
334604
230009
843138
492893
682780
942540
720915
5625
852262
801563
658655
981244
517403
512212
486214
33805
806072
322388
618591
906142
705085
206166
711140
684073
957876
301022
911501
590931
180408
524818
893381
23681
750178
571191
221658
693882
851729
812860
153186
7651
558238
794207
85594
500960
399509
275378
259856
843636
380001
658240
950948
798008
823465
235489
541378
762902
774523
351785
947532
536844
181605
13033
472099
957106
703047
624813
813155
578875
70769
129692
637930
96676
824193
459332
595119
123813
692688
836680
139971
657828
399287
484137
724942
29053
364174
801393
970628
528020
267432
466817
610786
425891
615221
517637
891970
944357
190147
749339
567654
771516
846128
482803
805297
685682
605338
763881
848228
736494
386265
424855
296082
279421
673688
605552
95721
758191
566652
813317
931226
881067
717314
973132
562371
145802
314533
233199
254421
4553
364350
171743
964694
44664
266126
574064
815957
870509
919261
128750
666941
857908
675090
656851
274001
447410
147145
156128
558847
515685
598601
852017
739958
852813
86766
18303
887886
208593
524263
988072
453762
3856
313802
931797
380103
615834
420473
653960
912568
794920
220141
917622
985125
588168
65270
241424
919326
671560
77642
737223
355621
333357
991794
343814
914832
404744
861061
102935
882628
969174
898771
934243
832203
109675
637699
498825
972597
885507
510300
42349
363205
664817
28043
807806
649802
36121
824768
231956
329968
80549
174591
265427
986267
194254
411208
533048
454142
396391
749952
281503
295466
899886
379730
910870
521792
11526
822145
178109
255827
720645
71446
617668
411517
99888
622236
557051
869152
837164
861793
495424
909548
658693
103362
29250
96209
275296
197711
891056
761852
770245
521550
212450
152185
16525
467385
360438
803579
433890
466991
65808
869337
145168
537583
52629
61301
427844
916995
40498
147965
287510
430329
572511
696068
787660
647563
539250
819654
148045
307240
747801
36466
869175
366675
145021
720321
680029
141412
71494
11287
890928
82824
28702
340982
104671
373259
858785
627935
330887
327063
400458
491841
808605
623296
107651
159450
534895
647052
482712
243355
527697
806060
241627
380901
39205
940995
265882
198933
691976
890025
650580
188750
129007
910339
574581
197570
859146
333064
536103
387566
301869
21146
340239
612427
240475
675230
123298
568410
565831
529752
656046
105113
917392
400530
763694
892445
433436
354601
645157
57747
705252
979303
390263
186516
600646
674105
709983
782198
648394
781424
475485
684138
843
527877
444237
198390
910399
66644
509331
857763
69228
3458
215363
457571
197098
126648
973030
187041
184051
573352
983945
376027
745348
256718
819283
616611
800684
281076
800765
549763
611597
581808
905458
268733
668488
362988
186437
929381
768818
396277
974092
527481
338062
113994
533917
540613
388749
86090
73390
122948
585564
664809
622707
135199
952121
197347
821572
646545
410854
231364
331689
464424
152724
117390
703776
143332
181156
354148
902030
35251
34650
324983
755007
299697
123212
740659
253815
355113
169934
76614
573457
406267
855109
879805
683480
887619
263224
536998
524755
630140
218311
387875
300988
910926
957348
405723
317187
857906
532603
798967
644382
22563
924884
342794
424334
108732
515204
537051
721950
453342
283304
214764
12495
697032
909938
892946
883281
59487
783017
171310
658386
297606
200337
327593
275204
670911
333644
893958
595803
578307
593741
782208
643588
953102
508674
834172
503029
370540
811500
427089
342115
477877
155813
304438
424779
868999
780686
257278
116526
869246
116387
675882
792938
72416
203593
858848
164214
687600
466287
33711
902714
862209
845046
691447
144925
213630
316920
159534
364387
202109
305936
899236
99018
616455
859922
559728
16850
619988
227037
999390
845664
391146
912060
187126
90530
729401
923970
337866
534044
835004
516879
320866
511323
102054
14722
288214
996416
442383
845207
885675
10729
16524
889549
129588
598907
365739
728562
628656
217814
73233
68902
868951
126832
758509
369273
335726
353607
952966
289229
562581
288611
711543
684941
603806
336576
335511
902762
38773
695840
727079
557123
578629
729740
968531
295191
246929
485727
421919
819663
925336
700485
433881
968959
190184
465182
310911
751103
607393
612654
943755
447872
255006
173782
237836
4134
703599
720044
587151
148908
418819
819008
876785
605465
877285
657733
272061
260149
636645
597993
760448
672320
131758
733943
342370
765407
456202
298117
35924
728983
369636
915212
442898
104014
697212
503953
440369
483173
701490
771201
301520
134864
926216
743511
192210
492848
967057
891128
177272
870858
670148
340897
483890
871772
691764
808873
285863
205104
998907
733094
210113
826344
676492
874607
576299
124763
672740
286950
393698
176348
997455
995824
239788
243611
216163
218571
281602
619015
7716
190311
690258
364070
10804
644696
323828
644457
243992
521007
869490
276578
535008
615386
928762
447633
613774
605433
473706
342265
286271
758450
102503
7707
399551
324522
525396
629596
232420
807589
214956
899333
863699
990172
521105
876352
271424
212049
281797
464653
904418
319664
385378
160261
989281
226224
547186
615892
512420
965036
404983
943225
153876
435977
414614
176694
342707
458937
822428
964063
861998
263327
652027
89237
130346
692433
186251
298582
959852
920224
525125
455987
740715
547745
747080
640692
989375
384125
462872
650819
741416
671260
279510
922977
947075
479473
702847
434407
604694
269969
920257
709027
289043
766244
628612
407611
668547
255475
477185
657796
846815
523339
442413
269638
693257
385223
323402
632611
663765
733502
286986
327131
436694
698402
670663
948181
215375
607981
855080
81221
601532
821886
774357
886980
404452
623917
180520
500079
856739
674986
589995
942754
734307
681449
110145
642614
796771
272393
810206
111788
36274
516270
279922
964135
882207
132940
228545
812760
64018
90957
80597
499666
572778
658252
368861
496502
295165
748950
38785
261491
594951
37199
220829
81352
820961
573407
238021
843736
980832
477274
510695
38080
590371
904356
873999
385978
783170
832873
224161
24893
301953
139880
701305
828836
74086
24509
590374
617381
959321
246887
591266
895089
956595
300189
963054
570399
587770
635565
261238
958912
831199
386771
393500
284480
115219
439071
2103
260605
238904
573618
314685
363226
917450
176600
404881
479347
851434
356732
72141
926258
525222
163814
174163
943380
680497
447758
597808
763566
472250
957426
72801
751574
692871
781110
143839
799790
268237
207322
177346
589019
357884
874428
457590
791660
756708
393834
630188
728674
254584
12989
144366
847355
77581
380003
481060
163802
695306
457842
792269
954059
783667
142324
216041
33263
274692
464436
170661
848555
335062
318773
474228
491199
101733
906400
942585
435498
744912
910444
45222
550667
960057
276789
974054
701204
201690
992082
260239
912576
64471
767708
218955
426208
704285
420952
287669
451933
215264
686278
508505
765834
896852
526014
176907
272205
159624
561520
538006
152180
168758
393957
463741
193338
179335
386973
344351
94632
263756
720856
36262
404840
297363
813553
22155
41757
570255
980212
872532
960899
572338
329776
628303
579378
429447
640009
648992
106131
727317
971196
849538
335363
169742
264878
601242
761380
147736
270519
751002
379224
471231
690057
633349
839177
839281
376447
376428
536951
406659
288690
119855
136844
495735
793762
542513
62742
615538
68055
802321
218125
774922
966286
732754
123745
195184
145483
621653
434444
664109
760299
919269
346556
318623
375579
784174
273641
409852
486319
593876
378146
468323
225710
581808
485324
399167
451576
199551
191613
82845
219773
716188
113298
418830
23327
228514
827860
747383
109597
894751
863648
773573
102701
902214
321384
66443
8672
272215
278088
533460
70706
669426
778989
632737
297193
723182
444693
170253
803982
292013
550514
728393
469049
285500
263716
325448
278340
391291
572729
324730
881541
557526
169158
925970
635937
300795
506223
504318
354547
743757
111525
483565
313903
686157
123332
783373
184099
514890
179508
28076
463929
159430
84813
617292
234543
654794
937177
874441
373510
56712
598737
512605
154478
257281
590474
155685
291302
196867
298764
606757
869640
69178
697146
170531
172948
912430
881739
601718
28568
77101
765413
138468
302726
873010
11514
692734
539558
997539
552974
701330
838410
703696
231226
34116
109147
322571
488739
473838
40841
223541
28
453599
610902
552899
369980
494567
977643
152816
528675
41690
529337
157452
370737
399012
412808
546432
884934
162782
225653
52882
939884
765051
555097
975166
949267
396019
776059
737400
993864
87627
603619
739558
388545
457391
705013
679411
760617
501794
994885
587853
246466
590195
687061
179975
205731
627377
999423
835271
636623
515748
301395
544749
907159
737912
941239
836260
651456
351842
863004
847434
243430
239424
734606
813446
999474
61745
805096
391833
348925
209488
399857
464477
647609
868341
267244
737519
356469
16922
727551
504011
407881
20752
505435
536316
849691
807942
597076
131743
953003
566649
21818
788798
158304
383770
821439
760055
472356
373682
332006
314382
893468
409077
140589
90771
294877
734306
518575
30064
451697
928914
975764
495158
161275
955917
435309
724947
589998
522071
959304
227826
369150
765245
660009
871074
89
555660
383863
187136
597579
203632
503926
777083
400623
641382
38888
616987
794163
412877
279122
789314
994857
206382
44250
121929
355106
93209
530036
694449
107485
712469
957600
391863
171501
698959
544339
836901
21769
574181
693676
371266
525145
381695
696040
911530
215604
828604
832818
283137
269462
296587
700587
567362
784530
42033
652790
535960
701421
183030
743200
542480
905559
397800
580673
561759
259464
838302
11635
661809
369027
942525
21860
946499
183171
565277
69182
518270
487256
652712
252752
860597
279330
972046
549968
146171
893432
820108
870553
332207
301982
447640
38809
415917
827975
418812
703000
700560
251974
256161
226498
107181
375986
69706
302798
564337
583159
34711
658479
816636
594672
951530
277337
770918
787328
648030
344323
47988
464394
889179
161744
632390
694097
414297
342881
809872
863740
521816
26276
104970
135598
350162
779588
944825
163557
524753
213592
176554
697883
499308
835934
457556
904477
771384
967198
490118
240622
311718
603168
119894
480606
76663
502866
66360
785128
742690
575127
740286
226527
988206
651611
502676
65334
569326
300598
875594
314400
729969
577347
752634
648024
258197
1670
150686
18283
895568
922628
755939
13486
512676
252883
618464
429831
709664
204309
762164
756792
394137
617325
270829
887335
132216
673975
180396
976924
868440
223606
261702
320899
281026
457835
191439
686217
782873
923639
544562
388287
153103
447158
856924
214536
940333
179712
602896
547490
898570
440581
412514
114962
554721
370945
105090
387206
964705
859265
350976
875816
813464
372036
149414
835125
959032
356025
743909
446417
193042
195102
242377
185791
801998
366234
135405
624329
916411
501360
381059
853990
361708
724396
338422
657173
43415
932626
39472
629637
639770
443606
555843
117444
583763
300918
836458
613316
337586
263804
631871
885051
409848
621547
970773
519386
428843
45483
605294
541049
10868
674102
913111
799808
272994
198468
378837
84871
73476
157674
825628
603846